photutils/datasets/data/100gaussians_params.ecsv
# %ECSV 1.0
# ---
# datatype:
# - {name: flux, datatype: float64}
# - {name: x_mean, datatype: float64}
# - {name: y_mean, datatype: float64}
# - {name: x_stddev, datatype: float64}
# - {name: y_stddev, datatype: float64}
# - {name: theta, datatype: float64}
# - {name: amplitude, datatype: float64}
# schema: astropy-2.0
flux x_mean y_mean x_stddev y_stddev theta amplitude
964.808046408574 97.89749954439819 254.08289907307312 2.1843520590544467 4.675823444033835 1.439513292108698 15.034199467407237
658.1877772908929 147.25066097855222 113.42986110887117 4.194060236863709 1.365066882227572 1.1690269821419244 18.29706161768696
591.9594058385472 313.4999402859645 129.739534929611 2.179113171749347 1.2843284999601239 3.1994697250215594 33.66325845987719
602.2801392765199 43.11155256137605 249.78575288223342 3.7884863733341096 2.6548465445442204 3.333215245206706 9.530452502164367
783.8625145408433 71.47250990610482 111.33958070825817 2.091836915003706 1.8625646771453428 1.775874730526394 32.01996425196006
797.7723514896257 257.91325961546585 12.165981577848662 4.650113805061629 3.0787945261988345 1.948802401816166 8.86859504931396
982.2572598678108 344.670664829149 166.40144579159607 2.1941569350396053 3.234056088514339 1.9470609590238852 22.030793741353982
826.5885484357855 428.3129053949444 135.37387284327605 4.559439088414679 2.8948006556921224 1.6737707338720813 9.967343730088695
874.4533187669559 323.6808416610555 217.59029301801934 4.786889175058894 1.8634884866370744 3.7286378879812636 15.601870730148258
826.7849354258676 290.80933776536995 113.53515669437868 1.6756512914843973 1.957755541198448 1.3642954987175926 40.1116547978098
873.857404635637 355.55797754922986 252.19874871267191 2.4371656229305385 1.866953010885965 2.528246436214826 30.566257767153886
980.6533680364107 126.20842852326241 140.7944080750873 3.7287092114849343 3.622761512536076 1.8130837402407098 11.554133867514777
504.1941489707767 450.07984174130377 168.7930287036521 4.6855678802201695 4.385573801760902 1.0922740560175965 3.905074065981485
553.2221883488596 221.146846453142 198.35980177351772 1.5796973759771369 4.721857573264005 1.4181998931581699 11.804101683061127
649.3518568846907 10.260412328356006 138.67256025740141 1.3994975398327223 4.201222068518245 6.211817229004703 17.577311164422643
828.2055915411349 479.8305069984079 187.09108364661495 2.646411106286612 3.722903380921028 2.7272250830462004 13.378863232837679
904.9062762704674 326.1127112238628 66.56418935560802 4.900501483031972 1.8290278327296852 5.20366669065857 16.06803957862391
936.0879568621415 256.60312505233685 219.8589350265597 1.1660261635947395 3.966638899894948 3.5972042138385207 32.211120137727924
982.3237986859651 341.17819156885196 114.50462660879876 1.7476571780499608 3.787618342783211 4.096010251557252 23.618501574731145
861.8426734599767 244.77019531458555 58.45036253116934 3.4350719519841926 2.5270378970335607 4.585080060663453 15.801580661449423
821.2376639479206 463.2450856287161 81.34883243819053 1.3488748604925718 4.400476498565697 2.458507687663199 22.020015688113233
858.7268104062068 257.9398860843252 74.76751558884376 2.265152615647813 3.112444724438511 2.4684276148447215 19.385456768074707
733.7995036096482 36.07994086846561 45.641718676639975 3.440543106028315 4.572036275950712 5.400719661384855 7.424391661266191
662.792338769689 283.7541490995318 231.4121112603979 1.8047788515925212 4.282237499581191 5.089503319644426 13.649063927454758
719.8223029424048 307.62159186187216 76.62351970919306 3.767590865711192 1.9143144776011658 5.256160243159488 15.884312083467421
864.8445413734257 470.77314723482004 38.263021514560336 1.9785078847694324 4.282495877005472 1.1811629636530672 16.245139362737532
997.007292949981 207.68167736050148 199.55014599680814 3.721486783580557 1.5542457005465353 2.25941299990603 27.43356898820013
838.436855886885 132.2199872877417 123.84148460399483 2.9437509156395083 2.9298699806967528 3.0283946807155906 15.47180862160526
895.4112589238944 48.696582682889286 200.33032993166518 2.0419792466819873 1.5952422256903827 6.070013455692302 43.7486566285601
585.4571288962172 242.92211093900085 197.94405512939792 2.130961276866716 2.79317621972722 3.5394011204605853 15.654576974470553
513.4246378949678 232.33143143047653 91.61330156324993 4.621806479308752 3.663825889615503 5.199366394295275 4.825588144350849
900.1851219627304 14.879658495571102 60.367272308625076 2.1033707497538505 4.156129700731245 0.47819821649968547 16.388795648473245
951.8612691085 347.1387309286877 66.60813794973778 4.364592170031081 3.648083032368938 3.4754682061251727 9.514487585185533
512.3381052146326 358.473556182613 35.99125900317928 1.7856974987427723 3.846049715440203 3.4428114459495074 11.872823326701624
745.8736592229429 364.90571164558474 11.143632309079187 2.3223337178578407 4.5516946485244265 5.689069910871459 11.230204233884345
763.1275836749289 207.17550859477285 10.239475057235781 4.786519540733119 1.5667011649886549 2.3215658114967512 16.19613099468567
798.1830052096902 7.549422397079509 69.14896437436673 3.024287398154893 1.5902804942054503 5.662171871226542 26.413491719398397
525.9787725512668 454.48757874207365 68.50611193964927 2.613663433181723 2.3037233717997245 0.8836107895915326 13.90299474776872
947.5447640269606 394.68935905518 187.47318657744282 1.1082461535074435 1.1274953181946978 0.6231268937198444 120.68933322480586
864.1330901635587 82.59958458158827 267.76835564002835 3.4870947577334044 3.751051578465331 6.114690760677037 10.514387597168403
909.1750056949572 156.39298066313552 233.9184048728827 2.3893940270293155 4.058920180960568 5.919043430533304 14.920017581761048
750.1113764172242 305.472652909798 216.43538058842236 2.107196911218392 2.4000376746989676 3.713029257899366 23.606016353615153
905.0947044016274 182.24514335942953 93.13264771057578 1.256219095731597 3.4640304426724273 0.32646089076436025 33.102977945937276
547.9842628722834 78.01929460074975 108.9250249269539 2.337562075662724 4.833999435269771 0.31511241020444675 7.718243397964587
609.4750218660467 88.6519067122759 58.82453515928686 1.2708397698599714 2.1642104664534423 2.039535629643309 35.26839961391395
629.3595308015563 433.944835523523 280.64753941010434 1.0152969930519142 3.746713850016325 2.36090538291161 26.3314829937531
734.0528769764676 145.04733422224675 168.5202000528061 1.1638712136579428 1.1689129211278324 4.801291776153723 85.873742531488
729.6866013017404 292.5898106573307 245.18746106721326 2.3958194624918416 1.2500145268809866 5.398926522671802 38.778173963780226
854.7548901045895 226.9974379547345 104.6741942841017 1.3678172433456401 4.257594782805457 3.42878621028271 23.35981109171799
589.0265029417691 205.5890660862694 239.91427884708384 3.081262905835392 2.7464734497011043 2.034840871894464 11.077730797034372
765.7249421798169 441.31722258842086 31.231338758202487 1.8629992535288005 2.568273728192377 2.5498100113961435 25.470585905334087
583.8711143932428 346.35400739737446 213.63604953821843 4.966666180423694 2.322590718653218 0.6890629410239101 8.055629142620626
884.4069592029051 139.63667759787523 275.23454877469794 2.068748644205795 2.830635313662304 0.8626267857146525 24.037020619488107
964.0852745576614 32.22011559264176 241.07561058875962 3.720672210165289 4.341408609098313 4.683417017383964 9.499122918678843
804.7468289967518 99.31180687942448 98.13394388968734 3.1049844766732857 2.867075504798007 5.506681247335922 14.387351105520032
575.0917473344408 465.8413723514779 76.53215377915976 2.7596922789218654 2.685143951089968 1.6272780372572588 12.35176542536098
744.8133518469976 427.2067838903452 148.50065230714134 3.646220982904549 3.2834062117540923 4.307762282494921 9.90147701356685
688.6724769166128 477.3673672804626 124.08328628084001 1.5391406984146236 3.9562238267733205 2.256363946629663 18.000048775619845
924.3007059888894 26.12667412158648 127.48112858782564 4.151396019636208 1.2203336343762956 0.03780671426767416 29.037596795647307
955.5486143158364 289.735840295467 22.31349145343068 1.5519108040495366 3.496722596287366 4.782640377951582 28.024958752672504
691.9243605786443 240.2481333245647 181.0171953868571 3.531693190918051 3.484241310776869 2.6013794191971553 8.949268929760564
657.7479516980619 10.854489487782114 224.15992006364175 1.8546614308021399 1.0044421272766613 2.0979051470175456 56.194016706706975
784.197076397712 186.81023186719747 239.272867998246 1.093501258932902 3.4115740256064413 1.74699621435307 33.45578803411642
593.9090175121999 207.0459005882796 114.45015676613785 3.5077358931239027 1.1607416483960464 3.72287625728951 23.215476215111874
562.9207719136851 301.95361695700217 239.14744584612285 3.568654906280811 3.3430014671307333 2.0426675786104207 7.509763942358084
843.797902522246 335.87436367761876 141.53921088425687 3.5684133471288484 2.793517698653144 5.8861215543037835 13.471997414115208
899.8033589737009 419.43285021915824 216.41975134338938 4.458483598696862 2.4149210704756774 0.6030788209984189 13.30079584688517
786.7682825993215 389.763104159437 56.76380678235072 2.3488056138657467 4.734100937496935 5.54991085245916 11.261140723532716
986.6149907997425 200.35052202061559 130.37871281388303 2.643833546992447 2.069023727033364 3.568960673583446 28.70570791636843
817.0271885687393 397.2646156948415 247.04043271564257 3.4412747351003192 2.125197521855424 0.38907666538334523 17.78025535040455
944.2108624057134 446.5621551988015 247.88178835953084 4.763372762954965 3.019623854582616 5.497715925124123 10.447724388607257
747.7073793787322 131.24484542944575 56.85764504448847 1.6083090791701964 3.587224474702067 1.4127916029921659 20.62641402432222
675.8082649451061 494.59850368905296 6.03065104579894 1.7362320240392695 4.8822937160946465 5.022673288427523 12.688549121064984
857.1151842722603 426.65354950786895 211.04741581679082 1.6177531527840023 1.1435019175795258 5.038329110827512 73.74119453584417
751.9645582239577 365.7385780188785 104.18103582568175 3.851297303399289 2.6927994645723836 0.181926612470949 11.540016920517292
612.8188032603198 177.78281235317678 125.85114486703607 4.711932645384994 3.3532483546799967 3.9401792447894834 6.172874110334187
622.4872201209321 441.64474535366827 230.4266709533156 2.6907487199266913 3.9268091302219332 3.7990605196329814 9.37643261476075
896.4003500247952 433.97954541354267 288.8634198912861 3.180709054596129 1.7020442916714096 0.49139237108100303 26.352835222969194
747.5862072556845 477.88322291681897 267.76959207766816 2.2895558612877362 3.0421551384372796 4.856610468324372 17.08239697369921
957.5468366998882 0.05362825986848785 40.48268000221009 1.6428187329380126 3.0011383833576275 0.9004849078854927 30.910390365430022
972.6859169375089 8.270520959487326 239.34141449762154 3.8126080983661867 4.571070527911052 2.9134163150744063 8.882857014999784
766.6161148276078 157.03502862937202 204.62718226211888 3.9209936256680225 2.5307308300222147 0.6101643723612765 12.29577716139544
626.2462972787133 497.65808729635785 159.01586613632531 4.841618150435656 3.6514553472118823 3.5804996367196473 5.637788431860726
860.4310290874239 74.42211157799528 259.7944965618501 2.4819622830675323 1.1872462388082012 2.536942619414388 46.4729472143669
683.7193818972887 83.68855935425218 225.9744286058185 3.866793567273198 4.004893135526702 3.685582699041082 7.026775905598758
749.3242214555266 379.28601845895963 27.960776045775393 4.944244871298163 2.475141169343062 4.704260892024514 9.745182062641872
613.2875237312279 34.76483307716155 98.83182960947107 1.4430702347055497 4.792114546247898 5.589608564767361 14.114633381563364
676.7828233730235 352.73671929813526 123.7088086898568 4.032914195635907 2.3889008726968637 2.3837786502572786 11.180271457013728
825.4258933116027 234.58264088954778 0.28938232983252155 1.6302164853414487 3.7355727953878306 1.837431223348704 21.572264447869767
656.466447652576 5.094108062656422 179.26906893808953 4.265741021633359 4.298539526981184 3.1999649528919267 5.697931916427482
884.3677235846699 387.41193143313103 204.76846262476076 3.2164261849098135 2.9450119769447682 3.347766585491736 14.859095063368128
890.9185516856271 397.100504180237 109.88422846305845 3.326840883437651 4.936703485305969 0.6623835781893743 8.633543097902201
926.2047414703625 74.78472587293278 118.94965722809343 4.744582332803316 3.4152561526530203 0.28865583791802196 9.097160601251925
974.9528700759936 11.85181589504447 142.60774365339384 2.737391020406234 4.038499327940802 3.908098216163365 14.036114441245825
553.6614561005221 381.03188544719495 174.32397016297364 2.9565087454722323 3.7380667814650073 5.167573851519573 7.973301713571764
955.3626779827014 111.83508994667218 41.14113834322911 3.6645218672230655 4.729664908728548 0.34597461338954427 8.772850180362555
668.0275809562431 131.0871988825571 299.8242520392146 3.520616004328165 4.799141886114043 5.013815027029375 6.292631158272047
913.1902134073223 228.43475138774744 152.19816263495727 1.520819002612627 4.9604445122118825 1.534636103923281 19.26563170823333
949.0503175599234 124.9634592535091 147.92001136372195 2.415375884928947 1.504621532348117 5.048776534358012 41.56208936719848
521.3576521681665 284.1417807953734 56.06242650836353 3.5404935385444953 4.906402469007675 1.8734891902803512 4.776710351881127
